# Optical absorption spectrum of Anthracene in cyclohexane
#
# Data from PhotochemCAD 2.1a has been munged on  2 June 2017 by Scott Prahl to make
# the information available to non-Windows users.  Although I have tried to be as careful
# as possible, I may have introduced some error; the cautious user is advised to compare
# these results with the original sources at www.photochemcad.com:
#
# H. Du, R. A. Fuh, J. Li, A. Corkan, J. S. Lindsey, "PhotochemCAD: A computer-aided design
#     and research tool in photochemistry," Photochem. Photobiol., 68, 141-142, 1998. 
# J. M. Dixon, M. Taniguchi and J. S. Lindsey "PhotochemCAD 2. A refined program with accompanying 
#     spectral databases for photochemical calculations", Photochem. Photobiol., 81, 212-213, 2005.
#
# The spectral absorption measurements were made by R.-C. A. Fuh on 06-26-1995 using a Cary 3.  
# The absorption values were collected using a spectral bandwidth of 1.0 nm, a signal averaging time of 0.133 sec, a data interval of 0.25 nm, and a scan rate of 112.5 nm/min.
#
# These measurements were scaled to make the molar extinction coefficient match
# the value of 9700 cm-1/M at 356.2 nm.  These values were 
# then interpolated to report extinction coefficients at regular 1nm intervals
#
# The reported molar extinction coefficient is from
# Berlman, I. B. (1971) “Handbook of Fluorescence Spectra of Aromatic Molecules,” Academic Press, N.Y.
#
##Wavelength (nm)	Molar Extinction (cm-1/M) 
258.75	9934
259	8768
259.25	7758
259.5	6856
259.75	6123
260	5465
260.25	4931
260.5	4443
260.75	4043
261	3683
261.25	3385
261.5	3106
261.75	2881
262	2649
262.25	2459
262.5	2304
262.75	2162
263	2029
263.25	1906
263.5	1798
263.75	1701
264	1610
264.25	1515
264.5	1458
264.75	1383
265	1310
265.25	1265
265.5	1198
265.75	1141
266	1099
266.25	1045
266.5	1019
266.75	977
267	957
267.25	909
267.5	878
267.75	847
268	820
268.25	794
268.5	761
268.75	736
269	715
269.25	697
269.5	682
269.75	656
270	642
270.25	622
270.5	603
270.75	593
271	579
271.25	571
271.5	552
271.75	543
272	505
272.25	484
272.5	496
272.75	477
273	486
273.25	460
273.5	456
273.75	443
274	426
274.25	423
274.5	430
274.75	404
275	403
275.25	399
275.5	376
275.75	366
276	367
276.25	360
276.5	355
276.75	343
277	350
277.25	332
277.5	331
277.75	327
278	337
278.25	342
278.5	318
278.75	336
279	309
279.25	328
279.5	317
279.75	329
280	316
280.25	320
280.5	316
280.75	315
281	314
281.25	307
281.5	306
281.75	311
282	317
282.25	311
282.5	319
282.75	311
283	299
283.25	305
283.5	305
283.75	293
284	305
284.25	313
284.5	305
284.75	299
285	300
285.25	293
285.5	282
285.75	291
286	287
286.25	284
286.5	288
286.75	286
287	300
287.25	300
287.5	289
287.75	284
288	310
288.25	304
288.5	315
288.75	314
289	310
289.25	320
289.5	321
289.75	346
290	331
290.25	362
290.5	350
290.75	378
291	385
291.25	385
291.5	389
291.75	406
292	426
292.25	429
292.5	460
292.75	461
293	492
293.25	483
293.5	488
293.75	509
294	519
294.25	532
294.5	538
294.75	546
295	544
295.25	544
295.5	568
295.75	561
296	585
296.25	585
296.5	589
296.75	601
297	596
297.25	575
297.5	605
297.75	573
298	590
298.25	581
298.5	594
298.75	598
299	578
299.25	580
299.5	584
299.75	605
300	622
300.25	620
300.5	623
300.75	640
301	643
301.25	652
301.5	687
301.75	689
302	718
302.25	747
302.5	766
302.75	790
303	810
303.25	840
303.5	876
303.75	899
304	950
304.25	971
304.5	998
304.75	1020
305	1062
305.25	1100
305.5	1133
305.75	1163
306	1194
306.25	1250
306.5	1262
306.75	1303
307	1326
307.25	1350
307.5	1384
307.75	1409
308	1431
308.25	1459
308.5	1469
308.75	1491
309	1500
309.25	1507
309.5	1507
309.75	1483
310	1451
310.25	1471
310.5	1452
310.75	1428
311	1372
311.25	1397
311.5	1403
311.75	1400
312	1365
312.25	1414
312.5	1388
312.75	1332
313	1364
313.25	1333
313.5	1309
313.75	1356
314	1365
314.25	1393
314.5	1354
314.75	1474
315	1438
315.25	1510
315.5	1508
315.75	1610
316	1616
316.25	1672
316.5	1737
316.75	1776
317	1814
317.25	1884
317.5	1979
317.75	2046
318	2159
318.25	2234
318.5	2290
318.75	2321
319	2390
319.25	2474
319.5	2565
319.75	2549
320	2632
320.25	2649
320.5	2718
320.75	2790
321	2900
321.25	2898
321.5	3027
321.75	3100
322	3174
322.25	3241
322.5	3314
322.75	3303
323	3401
323.25	3435
323.5	3397
323.75	3374
324	3364
324.25	3345
324.5	3312
324.75	3226
325	3196
325.25	3100
325.5	3045
325.75	3012
326	2992
326.25	2871
326.5	2846
326.75	2776
327	2743
327.25	2753
327.5	2637
327.75	2620
328	2605
328.25	2597
328.5	2557
328.75	2562
329	2599
329.25	2585
329.5	2635
329.75	2612
330	2623
330.25	2680
330.5	2670
330.75	2722
331	2767
331.25	2855
331.5	2882
331.75	2980
332	3010
332.25	3122
332.5	3274
332.75	3431
333	3548
333.25	3745
333.5	3886
333.75	4065
334	4181
334.25	4352
334.5	4381
334.75	4449
335	4512
335.25	4608
335.5	4688
335.75	4778
336	4852
336.25	4930
336.5	5023
336.75	5109
337	5266
337.25	5382
337.5	5559
337.75	5766
338	5916
338.25	6043
338.5	6296
338.75	6342
339	6423
339.25	6560
339.5	6476
339.75	6505
340	6386
340.25	6282
340.5	6095
340.75	5907
341	5728
341.25	5557
341.5	5391
341.75	5123
342	4945
342.25	4765
342.5	4585
342.75	4385
343	4299
343.25	4093
343.5	4016
343.75	3873
344	3767
344.25	3670
344.5	3642
344.75	3545
345	3528
345.25	3507
345.5	3520
345.75	3483
346	3465
346.25	3513
346.5	3478
346.75	3523
347	3549
347.25	3553
347.5	3571
347.75	3597
348	3654
348.25	3714
348.5	3818
348.75	3989
349	4100
349.25	4343
349.5	4481
349.75	4795
350	4992
350.25	5239
350.5	5503
350.75	5801
351	5919
351.25	6146
351.5	6272
351.75	6399
352	6533
352.25	6514
352.5	6609
352.75	6663
353	6708
353.25	6830
353.5	6980
353.75	7128
354	7319
354.25	7561
354.5	7846
354.75	8199
355	8542
355.25	8901
355.5	9256
355.75	9549
356	9635
356.25	9699
356.5	9571
356.75	9459
357	9226
357.25	8901
357.5	8564
357.75	8292
358	7830
358.25	7396
358.5	7018
358.75	6590
359	6199
359.25	5820
359.5	5467
359.75	5149
360	4881
360.25	4558
360.5	4331
360.75	4091
361	3884
361.25	3666
361.5	3465
361.75	3309
362	3123
362.25	3014
362.5	2909
362.75	2789
363	2717
363.25	2633
363.5	2577
363.75	2531
364	2480
364.25	2480
364.5	2439
364.75	2422
365	2391
365.25	2379
365.5	2346
365.75	2335
366	2314
366.25	2314
366.5	2347
366.75	2369
367	2450
367.25	2583
367.5	2663
367.75	2873
368	3064
368.25	3248
368.5	3480
368.75	3738
369	3998
369.25	4194
369.5	4387
369.75	4548
370	4656
370.25	4743
370.5	4758
370.75	4807
371	4786
371.25	4758
371.5	4708
371.75	4712
372	4740
372.25	4840
372.5	5007
372.75	5214
373	5517
373.25	5865
373.5	6235
373.75	6626
374	7031
374.25	7410
374.5	7607
374.75	7777
375	7984
375.25	8201
375.5	8426
375.75	8591
376	8837
376.25	8897
376.5	8795
376.75	8398
377	7979
377.25	7529
377.5	6976
377.75	6360
378	5773
378.25	5173
378.5	4649
378.75	4104
379	3637
379.25	3211
379.5	2833
379.75	2524
380	2230
380.25	1976
380.5	1783
380.75	1649
381	1484
381.25	1366
381.5	1235
381.75	1165
382	1069
382.25	1010
382.5	911
382.75	842
383	762
383.25	703
383.5	684
383.75	604
384	547
384.25	522
384.5	486
384.75	421
385	367
385.25	352
385.5	335
385.75	308
386	299
386.25	271
386.5	231
386.75	250
387	245
387.25	217
387.5	200
387.75	216
388	198
388.25	181
388.5	160
388.75	180
389	164
389.25	159
389.5	141
389.75	139
390	128
390.25	122
390.5	136
390.75	104
391	98
391.25	118
391.5	106
391.75	96
392	96
392.25	95
392.5	88
392.75	82
393	80
393.25	77
393.5	91
393.75	92
394	72
394.25	54
394.5	79
394.75	60
395	54
395.25	46
395.5	47
395.75	38
396	62
396.25	34
396.5	36
396.75	45
397	48
397.25	60
397.5	36
397.75	49
398	18
398.25	47
398.5	52
398.75	26
399	26
399.25	33
399.5	24
399.75	7
400	17
400.25	23
400.5	31
400.75	27
401	44
401.25	26
401.5	18
401.75	48
402	18
402.25	40
402.5	7
402.75	20
403	9
403.25	37
403.5	20
403.75	16
404	13
404.25	24
404.5	13
404.75	13
405	22
405.25	17
405.5	13
405.75	34
406	5
406.25	31
406.5	10
406.75	34
407	10
407.25	12
407.5	0
407.75	2
408	31
408.25	2
408.5	23
408.75	13
409	6
409.25	12
409.5	-11
409.75	23
410	8
410.25	29
410.5	9
410.75	16
411	11
411.25	10
411.5	12
411.75	29
412	12
412.25	0
412.5	12
412.75	15
413	10
413.25	21
413.5	4
413.75	4
414	24
414.25	9
414.5	30
414.75	22
415	-1
415.25	8
415.5	5
415.75	20
416	21
416.25	-13
416.5	0
416.75	14
417	2
417.25	6
417.5	9
417.75	8
418	3
418.25	11
418.5	14
418.75	8
419	20
419.25	4
419.5	17
419.75	8
420	11
420.25	18
420.5	1
420.75	7
421	-5
421.25	4
421.5	14
421.75	21
422	12
422.25	10
422.5	7
422.75	14
423	18
423.25	20
423.5	11
423.75	19
424	8
424.25	-12
424.5	28
424.75	-2
425	10
425.25	10
425.5	15
425.75	12
426	13
426.25	12
426.5	11
426.75	24
427	-3
427.25	10
427.5	9
427.75	9
428	15
428.25	7
428.5	14
428.75	1
429	13
429.25	0
429.5	0
429.75	3
430	1
430.25	12
430.5	-7
430.75	10
431	9
431.25	22
431.5	9
431.75	1
432	11
432.25	-7
432.5	0
432.75	3
433	-5
433.25	2
433.5	16
433.75	-4
434	5
434.25	3
434.5	-5
434.75	13
435	-2
435.25	24
435.5	6
435.75	7
436	19
436.25	26
436.5	13
436.75	9
437	12
437.25	15
437.5	23
437.75	-7
438	15
438.25	14
438.5	-4
438.75	2
439	7
439.25	14
439.5	0
439.75	13
440	12
440.25	6
440.5	-9
440.75	9
441	18
441.25	12
441.5	1
441.75	7
442	0
442.25	3
442.5	12
442.75	0
443	1
443.25	9
443.5	17
443.75	19
444	-6
444.25	12
444.5	-2
444.75	10
445	9
445.25	0
445.5	-5
445.75	11
446	0
446.25	6
446.5	14
446.75	7
447	6
447.25	1
447.5	2
447.75	-14
448	3
448.25	8
448.5	6
448.75	6
449	6
449.25	9
449.5	-2
449.75	-1
450	16
450.25	11
450.5	3
450.75	0
451	9
451.25	15
451.5	9
451.75	0
452	0
452.25	1
452.5	5
452.75	1
453	6
453.25	0
453.5	0
453.75	-1
454	0
454.25	13
454.5	8
454.75	16
455	4
455.25	8
455.5	16
455.75	-1
456	0
456.25	5
456.5	5
456.75	-5
457	0
457.25	13
457.5	17
457.75	-7
458	-5
458.25	3
458.5	3
458.75	14
459	7
459.25	2
459.5	-7
459.75	-6
460	1
460.25	5
460.5	3
460.75	0
461	12
461.25	11
461.5	3
461.75	0
462	-13
462.25	-1
462.5	6
462.75	-1
463	3
463.25	5
463.5	4
463.75	1
464	0
464.25	2
464.5	5
464.75	-5
465	14
465.25	-7
465.5	0
465.75	2
466	-5
466.25	12
466.5	-11
466.75	5
467	-8
467.25	19
467.5	-4
467.75	-8
468	-3
468.25	7
468.5	-10
468.75	5
469	-2
469.25	9
469.5	-6
469.75	-5
470	20
470.25	10
470.5	5
470.75	1
471	8
471.25	-8
471.5	10
471.75	1
472	2
472.25	14
472.5	-16
472.75	4
473	12
473.25	19
473.5	-9
473.75	-5
474	5
474.25	4
474.5	20
474.75	-7
475	0
475.25	-1
475.5	5
475.75	3
476	-6
476.25	3
476.5	-5
476.75	-5
477	-15
477.25	-1
477.5	8
477.75	7
478	3
478.25	-5
478.5	1
478.75	2
479	0
479.25	-17
479.5	12
479.75	8
480	8
480.25	5
480.5	3
480.75	-1
481	14
481.25	-22
481.5	1
481.75	4
482	-12
482.25	3
482.5	-2
482.75	-4
483	-2
483.25	13
483.5	-1
483.75	3
484	-1
484.25	-5
484.5	-8
484.75	-2
485	7
485.25	-1
485.5	-9
485.75	0
486	-5
486.25	27
486.5	12
486.75	8
487	-3
487.25	-7
487.5	7
487.75	-9
488	5
488.25	6
488.5	15
488.75	5
489	1
489.25	-14
489.5	10
489.75	5
490	-14
490.25	14
490.5	-13
490.75	5
491	-5
491.25	6
491.5	-7
491.75	-8
492	-4
492.25	-12
492.5	4
492.75	0
493	-10
493.25	-12
493.5	0
493.75	18
494	-6
494.25	7
494.5	0
494.75	5
495	20
495.25	9
495.5	2
495.75	-13
496	2
496.25	8
496.5	-8
496.75	-22
497	-6
497.25	13
497.5	-12
497.75	-4
498	-6
498.25	-4
498.5	15
498.75	-8
499	2
499.25	5
499.5	14
499.75	0
500	-6
500.25	-1
500.5	-1
500.75	19
501	-5
501.25	6
501.5	4
501.75	10
502	1
502.25	5
502.5	21
502.75	-3
503	-16
503.25	-4
503.5	8
503.75	5
504	-10
504.25	-3
504.5	-7
504.75	8
505	0
505.25	20
505.5	7
505.75	-1
506	3
506.25	-18
506.5	20
506.75	-3
507	-1
507.25	0
507.5	15
507.75	7
508	10
508.25	10
508.5	-6
508.75	11
509	0
509.25	0
509.5	-8
509.75	0
510	-9
510.25	3
510.5	1
510.75	5
511	-1
511.25	-10
511.5	6
511.75	3
512	-5
512.25	14
512.5	10
512.75	7
513	-6
513.25	-11
513.5	-4
513.75	0
514	25
514.25	-7
514.5	-1
514.75	11
515	3
515.25	-6
515.5	3
515.75	3
516	-8
516.25	-14
516.5	-18
516.75	6
517	7
517.25	0
517.5	-15
517.75	-4
518	5
518.25	-20
518.5	-11
518.75	5
519	3
519.25	8
519.5	-13
519.75	4
520	-9
520.25	-5
520.5	6
520.75	10
521	-2
521.25	5
521.5	-16
521.75	-2
522	8
522.25	-1
522.5	11
522.75	6
523	5
523.25	-2
523.5	-5
523.75	5
524	-9
524.25	2
524.5	5
524.75	-7
525	-4
525.25	19
525.5	9
525.75	-2
526	-9
526.25	-13
526.5	9
526.75	-5
527	-6
527.25	-12
527.5	14
527.75	-2
528	9
528.25	-20
528.5	-9
528.75	2
529	1
529.25	0
529.5	-2
529.75	8
530	8
530.25	-10
530.5	5
530.75	-6
531	34
531.25	5
531.5	-7
531.75	-12
532	20
532.25	6
532.5	-16
532.75	-1
533	1
533.25	23
533.5	-19
533.75	-2
534	-12
534.25	14
534.5	6
534.75	3
535	3
535.25	-4
535.5	16
535.75	2
536	-10
536.25	4
536.5	-8
536.75	-7
537	1
537.25	15
537.5	1
537.75	12
538	-2
538.25	14
538.5	3
538.75	5
539	0
539.25	14
539.5	-2
539.75	19
540	7
540.25	5
540.5	1
540.75	1
541	-6
541.25	-7
541.5	4
541.75	14
542	5
542.25	5
542.5	-3
542.75	-4
543	7
543.25	13
543.5	-5
543.75	1
544	0
544.25	7
544.5	6
544.75	11
545	11
545.25	5
545.5	5
545.75	0
546	0
546.25	15
546.5	2
546.75	12
547	-16
547.25	14
547.5	11
547.75	10
548	15
548.25	0
548.5	7
548.75	6
549	10
549.25	-18
549.5	12
549.75	6
550	6
550.25	0
550.5	4
550.75	16
551	-14
551.25	9
551.5	1
551.75	9
552	5
552.25	-1
552.5	8
552.75	8
553	0
553.25	-2
553.5	5
553.75	16
554	24
554.25	30
554.5	5
554.75	11
555	-10
555.25	5
555.5	10
555.75	16
556	20
556.25	7
556.5	4
556.75	0
557	12
557.25	9
557.5	-1
557.75	0
558	7
558.25	-6
558.5	11
558.75	11
559	-8
559.25	1
559.5	17
559.75	13
560	7
560.25	16
560.5	20
560.75	5
561	-8
561.25	3
561.5	11
561.75	11
562	-9
562.25	-7
562.5	35
562.75	16
563	12
563.25	4
563.5	33
563.75	23
564	9
564.25	4
564.5	19
564.75	26
565	18
565.25	8
565.5	-11
565.75	18
566	10
566.25	16
566.5	-7
566.75	25
567	22
567.25	13
567.5	13
567.75	-4
568	29
568.25	-5
568.5	3
568.75	0
569	43
569.25	10
569.5	4
569.75	8
570	-1
570.25	8
570.5	21
570.75	18
571	10
571.25	14
571.5	24
571.75	21
572	0
572.25	20
572.5	19
572.75	17
573	17
573.25	-5
573.5	13
573.75	7
574	19
574.25	12
574.5	9
574.75	35
575	0
575.25	7
575.5	5
575.75	10
576	12
576.25	-2
576.5	9
576.75	17
577	4
577.25	32
577.5	20
577.75	9
578	15
578.25	2
578.5	20
578.75	0
579	17
579.25	26
579.5	18
579.75	9
580	19
580.25	21
580.5	23
580.75	8
581	21
581.25	22
581.5	7
581.75	9
582	10
582.25	18
582.5	21
582.75	33
583	21
583.25	9
583.5	38
583.75	23
584	8
584.25	17
584.5	16
584.75	10
585	0
585.25	12
585.5	18
585.75	34
586	2
586.25	6
586.5	13
586.75	21
587	22
587.25	-4
587.5	11
587.75	17
588	27
588.25	1
588.5	-1
588.75	29
589	8
589.25	6
589.5	9
589.75	11
590	6
590.25	7
590.5	-4
590.75	7
591	19
591.25	23
591.5	17
591.75	11
592	10
592.25	19
592.5	9
592.75	17
593	18
593.25	8
593.5	7
593.75	15
594	13
594.25	13
594.5	14
594.75	15
595	16
595.25	17
595.5	18
595.75	11
596	9
596.25	6
596.5	25
596.75	14
597	8
597.25	10
597.5	15
597.75	19
598	2
598.25	0
598.5	3
598.75	6
599	17
599.25	-1
599.5	17
599.75	11
600	0
600.25	10
600.5	11
600.75	24
601	18
601.25	5
601.5	15
601.75	14
602	0
602.25	10
602.5	20
602.75	8
603	16
603.25	19
603.5	19
603.75	5
604	15
604.25	4
604.5	20
604.75	28
605	13
605.25	30
605.5	14
605.75	13
606	6
606.25	17
606.5	14
606.75	16
607	10
607.25	-6
607.5	19
607.75	24
608	5
608.25	22
608.5	4
608.75	16
609	13
609.25	25
609.5	12
609.75	30
610	0
610.25	12
610.5	15
610.75	4
611	18
611.25	11
611.5	4
611.75	15
612	42
612.25	-6
612.5	6
612.75	18
613	4
613.25	9
613.5	-11
613.75	28
614	13
614.25	14
614.5	0
614.75	19
615	14
615.25	24
615.5	6
615.75	26
616	4
616.25	16
616.5	23
616.75	8
617	22
617.25	13
617.5	30
617.75	1
618	-11
618.25	38
618.5	20
618.75	17
619	8
619.25	28
619.5	6
619.75	26
620	7
